20
22 11 19 24 17 13 14 14 13 25 15 16 21 14 18 14 15 19 23 16
2 4 10 4 4 6 9 8 3 1 10 10 2 10 6 9 7 9 3 8
10
3 1 0 2 1 2 0 2 2 2 0 0 0 3 3 0 4 4 0 2
0 1 0 1 2 0 0 2 0 0 1 1 2 2 0 1 0 0 1 1
0 1 1 3 5 3 2 4 3 2 2 1 4 0 1 1 0 3 0 1
0 0 0 0 0 0 0 1 0 0 0 0 0 0 1 1 0 0 0 0
1 3 0 1 0 1 1 2 2 2 0 0 0 2 3 0 1 3 1 1
2 2 1 1 1 2 1 2 1 1 2 1 1 1 2 3 2 0 1 0
1 2 4 5 2 2 3 0 1 2 1 0 3 0 1 2 1 0 0 3
0 1 0 2 1 2 0 1 0 1 0 1 1 0 1 0 0 1 0 0
3 2 0 1 0 1 2 3 1 0 2 1 0 1 0 1 1 1 0 2
0 0 0 0 1 2 0 0 2 1 0 0 0 1 2 0 0 2 4 1
